# unix_time, cycles_done, cur_path, paths_total, pending_total, pending_favs, map_size, unique_crashes, unique_hangs, max_depth, execs_per_sec
1510751109, 0, 0, 4, 4, 2, 0.24%, 0, 0, 1, 444.44
1510751114, 0, 1, 10, 10, 2, 0.38%, 0, 7, 2, 52.86
1510751119, 0, 1, 11, 11, 2, 0.40%, 0, 10, 2, 63.01
1510751124, 0, 1, 16, 16, 2, 0.43%, 0, 10, 2, 71.93
1510751140, 0, 1, 19, 19, 2, 0.45%, 0, 10, 2, 47.48
1510751145, 0, 1, 19, 19, 2, 0.45%, 0, 14, 2, 48.65
1510751160, 0, 1, 19, 19, 2, 0.45%, 0, 15, 2, 58.12
1510751180, 0, 2, 22, 21, 14, 0.47%, 0, 18, 2, 78.44
1510751185, 0, 2, 22, 21, 14, 0.47%, 0, 21, 2, 71.63
1510751191, 0, 2, 23, 22, 14, 0.47%, 0, 21, 2, 47.10
1510751196, 0, 5, 26, 24, 14, 0.48%, 0, 25, 3, 58.47
1510751201, 0, 5, 28, 26, 14, 0.49%, 0, 29, 3, 381.23
1510751206, 0, 5, 31, 29, 14, 0.49%, 0, 32, 3, 592.49
1510751216, 0, 5, 31, 29, 14, 0.49%, 0, 33, 3, 144.95
1510751221, 0, 5, 31, 29, 14, 0.49%, 0, 35, 3, 79.45
1510751231, 0, 5, 32, 30, 14, 0.49%, 0, 35, 3, 66.33
1510751241, 0, 5, 33, 31, 14, 0.49%, 0, 35, 3, 64.72
1510751246, 0, 5, 34, 32, 14, 0.49%, 0, 35, 3, 65.68
1510751292, 0, 5, 34, 32, 14, 0.49%, 0, 36, 3, 67.65
1510751302, 0, 5, 35, 33, 14, 0.49%, 0, 36, 3, 64.08
1510751343, 0, 5, 36, 34, 14, 0.49%, 0, 36, 3, 66.42
1510751384, 0, 5, 36, 34, 14, 0.49%, 0, 37, 3, 70.04
1510751394, 0, 5, 36, 34, 14, 0.49%, 0, 38, 3, 64.95
1510751409, 0, 5, 36, 34, 14, 0.49%, 0, 39, 3, 62.40
1510751425, 0, 5, 36, 34, 14, 0.49%, 0, 40, 3, 62.77
1510751486, 0, 5, 37, 35, 14, 0.49%, 0, 40, 3, 61.96
1510751522, 0, 5, 37, 35, 14, 0.49%, 0, 41, 3, 62.55
1510751588, 0, 5, 37, 35, 14, 0.49%, 0, 42, 3, 66.71
1510751598, 0, 5, 38, 36, 14, 0.49%, 0, 42, 3, 66.48
1510751807, 0, 5, 39, 37, 14, 0.49%, 0, 42, 3, 68.12
1510751822, 0, 5, 39, 37, 14, 0.49%, 0, 43, 3, 63.27
1510751868, 0, 5, 39, 37, 14, 0.49%, 0, 44, 3, 64.63
1510751949, 0, 5, 40, 38, 14, 0.49%, 0, 44, 3, 67.35
1510752011, 0, 5, 41, 39, 14, 0.49%, 0, 44, 3, 66.43
1510752102, 0, 5, 42, 40, 14, 0.49%, 0, 44, 3, 67.40
1510752210, 0, 5, 42, 40, 14, 0.49%, 0, 45, 3, 60.12
1510752332, 0, 5, 42, 40, 14, 0.49%, 0, 46, 3, 62.51
1510752363, 0, 5, 42, 40, 14, 0.49%, 0, 47, 3, 58.63
1510752658, 0, 5, 43, 41, 14, 0.49%, 0, 47, 3, 62.91
1510752806, 0, 5, 43, 41, 14, 0.49%, 0, 48, 3, 62.82
1510753075, 0, 5, 44, 42, 14, 0.50%, 0, 48, 3, 65.52
1510753627, 0, 5, 45, 43, 14, 0.50%, 0, 48, 3, 66.36
1510753637, 0, 5, 46, 44, 14, 0.50%, 0, 48, 3, 65.93
1510753739, 0, 6, 46, 43, 23, 0.50%, 0, 49, 3, 78.29
1510753790, 0, 7, 54, 50, 22, 0.59%, 0, 53, 3, 84.32
1510753795, 0, 7, 59, 55, 22, 0.59%, 0, 56, 3, 82.13
1510753800, 0, 7, 60, 56, 22, 0.61%, 0, 57, 3, 77.68
1510753805, 0, 8, 60, 55, 26, 0.61%, 0, 58, 3, 53.31
1510753810, 0, 10, 62, 56, 25, 0.62%, 0, 60, 3, 57.11
1510753820, 0, 10, 63, 57, 25, 0.62%, 0, 60, 3, 55.55
1510753825, 0, 10, 64, 58, 25, 0.62%, 0, 60, 3, 46.36
1510753830, 0, 12, 64, 57, 25, 0.62%, 0, 61, 3, 48.06
1510753835, 0, 12, 65, 58, 25, 0.63%, 0, 63, 3, 52.14
1510753841, 0, 12, 66, 59, 25, 0.63%, 0, 64, 3, 51.68
1510753846, 0, 12, 68, 61, 25, 0.63%, 0, 65, 3, 57.46
1510753856, 0, 13, 68, 60, 24, 0.63%, 0, 65, 3, 52.57
1510753876, 0, 15, 68, 59, 23, 0.63%, 0, 65, 3, 61.18
1510753897, 0, 16, 69, 59, 22, 0.63%, 0, 65, 3, 85.27
1510753902, 0, 16, 71, 61, 22, 0.67%, 0, 67, 3, 80.10
1510753907, 0, 16, 71, 61, 22, 0.67%, 0, 68, 3, 55.90
1510753912, 0, 16, 72, 62, 22, 0.68%, 0, 68, 3, 47.66
1510753917, 0, 17, 73, 62, 22, 0.69%, 0, 68, 3, 52.44
1510753922, 0, 17, 74, 63, 22, 0.69%, 0, 68, 3, 53.56
1510753932, 0, 17, 75, 64, 22, 0.69%, 0, 68, 3, 48.10
1510753937, 0, 18, 77, 65, 22, 0.70%, 0, 68, 3, 56.61
1510753943, 0, 18, 77, 65, 22, 0.70%, 1, 69, 3, 69.09
1510753963, 0, 18, 78, 66, 22, 0.70%, 1, 70, 3, 49.68
1510753994, 0, 20, 78, 65, 23, 0.70%, 1, 70, 3, 461.99
1510754004, 0, 20, 78, 65, 23, 0.70%, 1, 71, 3, 60.34
1510754029, 0, 20, 79, 66, 23, 0.70%, 1, 71, 3, 64.86
1510754248, 0, 22, 79, 65, 22, 0.70%, 1, 71, 3, 609.63
1510754314, 0, 22, 80, 66, 22, 0.70%, 1, 71, 3, 67.99
1510754421, 0, 24, 80, 65, 21, 0.70%, 1, 71, 3, 56.84
1510754518, 0, 27, 80, 64, 20, 0.70%, 1, 71, 3, 94.32
1510754554, 0, 28, 80, 63, 19, 0.70%, 1, 71, 3, 524.13
1510754590, 0, 29, 80, 62, 18, 0.70%, 1, 71, 3, 56.79
1510754605, 0, 29, 82, 64, 18, 0.70%, 1, 71, 4, 64.65
1510754641, 0, 29, 83, 65, 18, 0.70%, 1, 71, 4, 65.55
1510754651, 0, 29, 84, 66, 18, 0.70%, 1, 71, 4, 67.06
1510754697, 0, 29, 84, 66, 18, 0.70%, 1, 72, 4, 62.64
1510754804, 0, 29, 85, 67, 18, 0.70%, 1, 72, 4, 59.91
1510754942, 0, 29, 86, 68, 18, 0.70%, 1, 72, 4, 64.47
1510755089, 0, 29, 87, 69, 18, 0.70%, 1, 72, 4, 65.11
1510755507, 0, 29, 88, 70, 18, 0.70%, 1, 73, 4, 57.06
1510755522, 0, 29, 89, 71, 18, 0.70%, 1, 73, 4, 58.88
1510755527, 0, 29, 89, 71, 18, 0.70%, 1, 74, 4, 55.59
1510755558, 0, 29, 90, 72, 18, 0.70%, 1, 74, 4, 56.57
1510755583, 0, 29, 91, 73, 18, 0.70%, 1, 74, 4, 57.68
1510755588, 0, 29, 91, 73, 18, 0.70%, 1, 75, 4, 56.57
1510755639, 0, 29, 91, 73, 18, 0.70%, 1, 76, 4, 58.25
1510755660, 0, 29, 91, 73, 18, 0.70%, 1, 77, 4, 55.17
1510756123, 0, 29, 92, 74, 18, 0.70%, 1, 77, 4, 72.40
1510756847, 0, 29, 93, 75, 18, 0.70%, 1, 77, 4, 67.62
1510757092, 0, 30, 93, 74, 19, 0.70%, 1, 77, 4, 50.67
1510757127, 0, 30, 94, 75, 19, 0.70%, 1, 77, 4, 64.79
1510757153, 0, 30, 95, 76, 19, 0.70%, 1, 77, 4, 69.52
1510757163, 0, 30, 96, 77, 19, 0.70%, 1, 77, 4, 68.22
1510757316, 0, 30, 97, 78, 19, 0.70%, 1, 77, 4, 65.28
1510757551, 0, 30, 98, 79, 19, 0.70%, 1, 77, 4, 64.79
1510758332, 0, 43, 100, 80, 18, 0.70%, 1, 77, 4, 47.14
1510758338, 0, 43, 102, 82, 18, 0.74%, 1, 77, 4, 65.46
1510758343, 0, 43, 102, 82, 18, 0.74%, 1, 78, 4, 86.88
1510758348, 0, 43, 103, 83, 18, 0.74%, 1, 78, 4, 51.85
1510758363, 0, 45, 103, 82, 19, 0.74%, 1, 79, 4, 386.60
